Sample	0	1	2	3	4	5	6	7	8	9	10	11	12	13	14	15
SRR3192396_1_val_1	(1.0, 16.99155951714989)	(2.0, 7.360420610715422)	(3.0, 5.842727152414664)	(4.0, 4.838209136855174)	(5.0, 4.467075637057929)	(6.0, 3.353184579251409)	(7.0, 3.0037989768514883)	(8.0, 2.1191367705553534)	(9.0, 2.009991247241728)	('>10', 15.301719524090352)	('>50', 3.308161049361391)	('>100', 7.152862061459891)	('>500', 2.7527901216671613)	('>1k', 4.645679961959782)	('>5k', 2.0615914783011196)	('>10k+', 14.791092175067263)
SRR3192396_2_val_2	(1.0, 10.015518030130524)	(2.0, 7.780741154582493)	(3.0, 6.163138836994545)	(4.0, 5.7908469067833055)	(5.0, 5.20561253092496)	(6.0, 3.8857570204495566)	(7.0, 2.68289151638544)	(8.0, 2.395548041010267)	(9.0, 2.406304596889751)	('>10', 15.425570430210783)	('>50', 3.587680216232969)	('>100', 6.789258850720986)	('>500', 2.528380748380492)	('>1k', 5.7794274192029285)	('>5k', 2.5045986605480905)	('>10k+', 17.058725040552904)
SRR3192397_1_val_1	(1.0, 16.48078707637366)	(2.0, 7.992417726904301)	(3.0, 7.407703574688772)	(4.0, 5.972825228168888)	(5.0, 4.670295664864833)	(6.0, 3.809294671359086)	(7.0, 2.9150826095428166)	(8.0, 2.4514406279251997)	(9.0, 1.888365164681876)	('>10', 13.547068265831713)	('>50', 3.577992278104858)	('>100', 6.681158321600406)	('>500', 2.5128940101346107)	('>1k', 4.734845124596975)	('>5k', 2.2254346372801246)	('>10k+', 13.13239501794157)
SRR3192397_2_val_2	(1.0, 10.40550871332313)	(2.0, 8.586340231458088)	(3.0, 8.161793889339366)	(4.0, 6.5384827964968295)	(5.0, 5.416316731711398)	(6.0, 4.130558741350462)	(7.0, 3.487719097453927)	(8.0, 2.474225657625127)	(9.0, 1.8421376599873247)	('>10', 14.353146406638981)	('>50', 2.919780557247892)	('>100', 6.77044810777385)	('>500', 2.550457099453321)	('>1k', 5.4480935665904475)	('>5k', 2.725172035143149)	('>10k+', 14.189818708406507)
SRR3192398_1_val_1	(1.0, 30.8918418560004)	(2.0, 9.662064529386626)	(3.0, 4.657405684929765)	(4.0, 3.243567979278196)	(5.0, 2.233610418948364)	(6.0, 1.8857877930469322)	(7.0, 1.4930156731772255)	(8.0, 1.2573608544940682)	(9.0, 0.9206296359394994)	('>10', 11.755187497613788)	('>50', 3.5401319545392136)	('>100', 7.550502327450788)	('>500', 2.577961758825391)	('>1k', 6.3679048850442035)	('>5k', 2.1442969308338498)	('>10k+', 9.818730220491789)
SRR3192398_2_val_2	(1.0, 35.12015190335099)	(2.0, 10.97293235941666)	(3.0, 5.191471215083229)	(4.0, 2.9310459722098026)	(5.0, 1.8859913026714117)	(6.0, 1.5907000912834375)	(7.0, 1.1590151534808188)	(8.0, 1.125000740871539)	(9.0, 0.7841431905359454)	('>10', 9.099832770387462)	('>50', 3.0358453504881595)	('>100', 7.088239383256013)	('>500', 2.7386480715504304)	('>1k', 5.795724365162006)	('>5k', 2.478090159560355)	('>10k+', 9.003167970691743)
SRR3192399_1_val_1	(1.0, 29.760478673472818)	(2.0, 9.370851475760437)	(3.0, 4.736212896873204)	(4.0, 3.1651482684122225)	(5.0, 2.0653276469416086)	(6.0, 1.7399189503986754)	(7.0, 1.5940863700216923)	(8.0, 1.1226637180829908)	(9.0, 1.178867973835074)	('>10', 13.07938364333495)	('>50', 4.293758453241429)	('>100', 7.080309769876897)	('>500', 2.7635819121870977)	('>1k', 5.875407404559277)	('>5k', 2.0755080243190456)	('>10k+', 10.098494818682518)
SRR3192399_2_val_2	(1.0, 33.1483785635217)	(2.0, 10.209717847963171)	(3.0, 5.054054403756474)	(4.0, 2.930390245552065)	(5.0, 2.476213572263397)	(6.0, 2.044701721548816)	(7.0, 1.465456794459758)	(8.0, 1.1474414461482827)	(9.0, 1.0111719542625695)	('>10', 10.71129836682131)	('>50', 2.9309919997934646)	('>100', 6.899540322468141)	('>500', 2.642931099686256)	('>1k', 5.521946211129912)	('>5k', 2.3626313368940255)	('>10k+', 9.443134113730807)
SRR3192400_1_val_1	(1.0, 17.884679199277805)	(2.0, 4.939577940549144)	(3.0, 3.031773456369357)	(4.0, 2.235887458752001)	(5.0, 2.036973650518972)	(6.0, 1.4751164219748263)	(7.0, 1.3463971470489828)	(8.0, 1.0069163269200518)	(9.0, 1.276265467829023)	('>10', 14.587524910541273)	('>50', 5.965126094870346)	('>100', 14.959690091314434)	('>500', 5.791345663568647)	('>1k', 12.728556020458617)	('>5k', 4.505404438725092)	('>10k+', 6.228765711282044)
SRR3192400_2_val_2	(1.0, 19.83513475653334)	(2.0, 5.023715377320333)	(3.0, 3.1296686049171045)	(4.0, 2.2238120857630297)	(5.0, 1.8238433968293448)	(6.0, 1.4709077111185087)	(7.0, 1.2003147637570204)	(8.0, 1.0356123298299669)	(9.0, 1.1298097991400728)	('>10', 14.638499789163264)	('>50', 6.125678568194172)	('>100', 14.396499853576705)	('>500', 6.147209708581786)	('>1k', 12.093744385890826)	('>5k', 3.912570495782132)	('>10k+', 5.81297837360278)
SRR3192401_1_val_1	(1.0, 18.45126504470612)	(2.0, 5.151600443814672)	(3.0, 3.173060459966748)	(4.0, 2.2130458983826697)	(5.0, 1.7798842719423102)	(6.0, 1.3701042051822943)	(7.0, 1.147660337747332)	(8.0, 1.0305985544505796)	(9.0, 1.0189330956145584)	('>10', 14.603012719569778)	('>50', 6.17776111554356)	('>100', 14.753095904149601)	('>500', 6.432074342733407)	('>1k', 12.174957812041889)	('>5k', 4.190103987342453)	('>10k+', 6.332841806811953)
SRR3192401_2_val_2	(1.0, 18.084374938666194)	(2.0, 4.49787101182796)	(3.0, 2.811296032014552)	(4.0, 2.0382814469175514)	(5.0, 1.628355660972811)	(6.0, 1.55813711872447)	(7.0, 1.0427101562623722)	(8.0, 1.2302190850350478)	(9.0, 0.8787675030242406)	('>10', 14.738503309856984)	('>50', 6.603900217435879)	('>100', 14.783285785369124)	('>500', 6.62222670037859)	('>1k', 13.536390780304112)	('>5k', 3.7264533121143506)	('>10k+', 6.219226941095717)
SRR3192657_1_val_1	(1.0, 8.972576336671393)	(2.0, 5.04882366763498)	(3.0, 5.648084377191624)	(4.0, 4.755846738751172)	(5.0, 5.037261695985315)	(6.0, 4.597314250853087)	(7.0, 3.8394148671324575)	(8.0, 3.436060181868746)	(9.0, 3.2038692238928705)	('>10', 25.43624630562461)	('>50', 6.093954218878893)	('>100', 10.303143242792927)	('>500', 3.9460010385692232)	('>1k', 6.342139796665987)	('>5k', 1.7133152003264187)	('>10k+', 1.6259488571602052)
SRR3192657_2_val_2	(1.0, 7.757972222296727)	(2.0, 4.611072904719352)	(3.0, 4.977249780909221)	(4.0, 4.953069141081434)	(5.0, 5.185090852513195)	(6.0, 4.721690199516902)	(7.0, 3.8678076569961353)	(8.0, 3.282290148806271)	(9.0, 3.6729098364527104)	('>10', 26.00424972707764)	('>50', 5.249407173410395)	('>100', 10.271162438329947)	('>500', 4.493668977167035)	('>1k', 7.18343202007402)	('>5k', 2.0334915091368035)	('>10k+', 1.7354354115122392)
SRR3192658_1_val_1	(1.0, 8.970873728195098)	(2.0, 5.5496046086337545)	(3.0, 5.453111984813189)	(4.0, 5.356611118743766)	(5.0, 4.921520731280424)	(6.0, 4.740340014367528)	(7.0, 3.6279659166807954)	(8.0, 3.398339630792079)	(9.0, 2.745394971142811)	('>10', 23.220468873510054)	('>50', 5.347780237628052)	('>100', 9.661319992712032)	('>500', 4.089126625258925)	('>1k', 7.863063084011733)	('>5k', 2.110642652868461)	('>10k+', 2.9438358293613804)
SRR3192658_2_val_2	(1.0, 7.8294186048350385)	(2.0, 4.736517625474981)	(3.0, 4.7004698878648785)	(4.0, 4.9181827846997574)	(5.0, 5.0875762841985)	(6.0, 4.846093543212686)	(7.0, 4.036569821013755)	(8.0, 3.4082676460685613)	(9.0, 2.5865265350131152)	('>10', 24.427952495412825)	('>50', 4.8475385632070855)	('>100', 10.17045015503827)	('>500', 4.4966146962890035)	('>1k', 8.653359681532779)	('>5k', 2.301935743728559)	('>10k+', 2.952525932409827)
